  0 :   4,  5,  6,  1,  2,  3  
  1 :   0,  6, 18,  7,  8,  2
  2 :   3,  0,  1,  8,  9, 10
  3 :  12,  4,  0,  2, 10, 11
  4 :  13, 14,  5,  0,  3, 12
  5 :  14, 15, 16,  6,  0,  4
  6 :   5, 16, 17, 18,  1,  0
  7 :   1, 18, 36, 19, 20,  8
  8 :   2,  1,  7, 20, 21,  9
  9 :  10,  2,  8, 21, 22, 23
 10 :  11,  3,  2,  9, 23, 24
 11 :  26, 12,  3, 10, 24, 25
 12 :  27, 13,  4,  3, 11, 26
 13 :  28, 29, 14,  4, 12, 27
 14 :  29, 30, 15,  5,  4, 13
 15 :  30, 31, 32, 16,  5, 14
 16 :  15, 32, 33, 17,  6,  5
 17 :  16, 33, 34, 35, 18,  6
 18 :   6, 17, 35, 36,  7,  1
 19 :   7, 36, 60, 37, 38, 20
 20 :   8,  7, 19, 38, 39, 21
 21 :   9,  8, 20, 39, 40, 22
 22 :  23,  9, 21, 40, 41, 42
 23 :  24, 10,  9, 22, 42, 43
 24 :  25, 11, 10, 23, 43, 44
 25 :  46, 26, 11, 24, 44, 45
 26 :  47, 27, 12, 11, 25, 46
 27 :  48, 28, 13, 12, 26, 47
 28 :  49, 50, 29, 13, 27, 48
 29 :  50, 51, 30, 14, 13, 28
 30 :  51, 52, 31, 15, 14, 29
 31 :  52, 53, 54, 32, 15, 30
 32 :  31, 54, 55, 33, 16, 15
 33 :  32, 55, 56, 34, 17, 16
 34 :  33, 56, 57, 58, 35, 17
 35 :  17, 34, 58, 59, 36, 18
 36 :  18, 35, 59, 60, 19,  7
 37 :  19, 60, 90, 61, 62, 38
 38 :  20, 19, 37, 62, 63, 39
 39 :  21, 20, 38, 63, 64, 40
 40 :  22, 21, 39, 64, 65, 41
 41 :  42, 22, 40, 65, 66, 67
 42 :  43, 23, 22, 41, 67, 68
 43 :  44, 24, 23, 42, 68, 69
 44 :  45, 25, 24, 43, 69, 70
 45 :  72, 46, 25, 44, 70, 71
 46 :  73, 47, 26, 25, 45, 72
 47 :  74, 48, 27, 26, 46, 73
 48 :  75, 49, 28, 27, 47, 74
 49 :  76, 77, 50, 28, 48, 75
 50 :  77, 78, 51, 29, 28, 49
 51 :  78, 79, 52, 30, 29, 50
 52 :  79, 80, 53, 31, 30, 51
 53 :  80, 81, 82, 54, 31, 52
 54 :  53, 82, 83, 55, 32, 31
 55 :  54, 83, 84, 56, 33, 32
 56 :  55, 84, 85, 57, 34, 33
 57 :  56, 85, 86, 87, 58, 34
 58 :  34, 57, 87, 88, 59, 35
 59 :  35, 58, 88, 89, 60, 36
 60 :  36, 59, 89, 90, 37, 19
 61 :  37, 90,126, 91, 92, 62
 62 :  38, 37, 61, 92, 93, 63
 63 :  39, 38, 62, 93, 94, 64
 64 :  40, 39, 63, 94, 95, 65
 65 :  41, 40, 64, 95, 96, 66
 66 :  67, 41, 65, 96, 97, 98
 67 :  68, 42, 41, 66, 98, 99
 68 :  69, 43, 42, 67, 99,100
 69 :  70, 44, 43, 68,100,101
 70 :  71, 45, 44, 69,101,102
 71 : 104, 72, 45, 70,102,103
 72 : 105, 73, 46, 45, 71,104
 73 : 106, 74, 47, 46, 72,105
 74 : 107, 75, 48, 47, 73,106
 75 : 108, 76, 49, 48, 74,107
 76 : 109,110, 77, 49, 75,108
 77 : 110,111, 78, 50, 49, 76
 78 : 111,112, 79, 51, 50, 77
 79 : 112,113, 80, 52, 51, 78
 80 : 113,114, 81, 53, 52, 79
 81 : 114,115,116, 82, 53, 80
 82 :  81,116,117, 83, 54, 53
 83 :  82,117,118, 84, 55, 54
 84 :  83,118,119, 85, 56, 55
 85 :  84,119,120, 86, 57, 56
 86 :  85,120,121,122, 87, 57
 87 :  57, 86,122,123, 88, 58
 88 :  58, 87,123,124, 89, 59
 89 :  59, 88,124,125, 90, 60
 90 :  60, 89,125,126, 61, 37
 91 :  61,126,168,127,128, 92
 92 :  62, 61, 91,128,129, 93
 93 :  63, 62, 92,129,130, 94
 94 :  64, 63, 93,130,131, 95
 95 :  65, 64, 94,131,132, 96
 96 :  66, 65, 95,132,133, 97
 97 :  98, 66, 96,133,134,135
 98 :  99, 67, 66, 97,135,136
 99 : 100, 68, 67, 98,136,137
100 : 101, 69, 68, 99,137,138
101 : 102, 70, 69,100,138,139
102 : 103, 71, 70,101,139,140
103 : 142,104, 71,102,140,141
104 : 143,105, 72, 71,103,142
105 : 144,106, 73, 72,104,143
106 : 145,107, 74, 73,105,144
107 : 146,108, 75, 74,106,145
108 : 147,109, 76, 75,107,146
109 : 148,149,110, 76,108,147
110 : 149,150,111, 77, 76,109
111 : 150,151,112, 78, 77,110
112 : 151,152,113, 79, 78,111
113 : 152,153,114, 80, 79,112
114 : 153,154,115, 81, 80,113
115 : 154,155,156,116, 81,114
116 : 115,156,157,117, 82, 81
117 : 116,157,158,118, 83, 82
118 : 117,158,159,119, 84, 83
119 : 118,159,160,120, 85, 84
120 : 119,160,161,121, 86, 85
121 : 120,161,162,163,122, 86
122 :  86,121,163,164,123, 87
123 :  87,122,164,165,124, 88
124 :  88,123,165,166,125, 89
125 :  89,124,166,167,126, 90
126 :  90,125,167,168, 91, 61
127 :  91,168,216,169,170,128
128 :  92, 91,127,170,171,129
129 :  93, 92,128,171,172,130
130 :  94, 93,129,172,173,131
131 :  95, 94,130,173,174,132
132 :  96, 95,131,174,175,133
133 :  97, 96,132,175,176,134
134 : 135, 97,133,176,177,178
135 : 136, 98, 97,134,178,179
136 : 137, 99, 98,135,179,180
137 : 138,100, 99,136,180,181
138 : 139,101,100,137,181,182
139 : 140,102,101,138,182,183
140 : 141,103,102,139,183,184
141 : 186,142,103,140,184,185
142 : 187,143,104,103,141,186
143 : 188,144,105,104,142,187
144 : 189,145,106,105,143,188
145 : 190,146,107,106,144,189
146 : 191,147,108,107,145,190
147 : 192,148,109,108,146,191
148 : 193,194,149,109,147,192
149 : 194,195,150,110,109,148
150 : 195,196,151,111,110,149
151 : 196,197,152,112,111,150
152 : 197,198,153,113,112,151
153 : 198,199,154,114,113,152
154 : 199,200,155,115,114,153
155 : 200,201,202,156,115,154
156 : 155,202,203,157,116,115
157 : 156,203,204,158,117,116
158 : 157,204,205,159,118,117
159 : 158,205,206,160,119,118
160 : 159,206,207,161,120,119
161 : 160,207,208,162,121,120
162 : 161,208,209,210,163,121
163 : 121,162,210,211,164,122
164 : 122,163,211,212,165,123
165 : 123,164,212,213,166,124
166 : 124,165,213,214,167,125
167 : 125,166,214,215,168,126
168 : 126,167,215,216,127, 91
169 : 127,216, -1, -1, -1,170
170 : 128,127,169, -1, -1,171
171 : 129,128,170, -1, -1,172
172 : 130,129,171, -1, -1,173
173 : 131,130,172, -1, -1,174
174 : 132,131,173, -1, -1,175
175 : 133,132,174, -1, -1,176
176 : 134,133,175, -1, -1,177
177 : 178,134,176, -1, -1, -1
178 : 179,135,134,177, -1, -1
179 : 180,136,135,178, -1, -1
180 : 181,137,136,179, -1, -1
181 : 182,138,137,180, -1, -1
182 : 183,139,138,181, -1, -1
183 : 184,140,139,182, -1, -1
184 : 185,141,140,183, -1, -1
185 :  -1,186,141,184, -1, -1
186 :  -1,187,142,141,185, -1
187 :  -1,188,143,142,186, -1
188 :  -1,189,144,143,187, -1
189 :  -1,190,145,144,188, -1
190 :  -1,191,146,145,189, -1
191 :  -1,192,147,146,190, -1
192 :  -1,193,148,147,191, -1
193 :  -1, -1,194,148,192, -1
194 :  -1, -1,195,149,148,193
195 :  -1, -1,196,150,149,194
196 :  -1, -1,197,151,150,195
197 :  -1, -1,198,152,151,196
198 :  -1, -1,199,153,152,197
199 :  -1, -1,200,154,153,198
200 :  -1, -1,201,155,154,199
201 :  -1, -1, -1,202,155,200
202 : 201, -1, -1,203,156,155
203 : 202, -1, -1,204,157,156
204 : 203, -1, -1,205,158,157
205 : 204, -1, -1,206,159,158
206 : 205, -1, -1,207,160,159
207 : 206, -1, -1,208,161,160
208 : 207, -1, -1,209,162,161
209 : 208, -1, -1, -1,210,162
210 : 162,209, -1, -1,211,163
211 : 163,210, -1, -1,212,164
212 : 164,211, -1, -1,213,165
213 : 165,212, -1, -1,214,166
214 : 166,213, -1, -1,215,167
215 : 167,214, -1, -1,216,168
216 : 168,215, -1, -1,169,127